1
112
2
10 200
46.34139917695473 173.4987654320988
75.84230452674899 153.5901234567901
99.21777777777777 139.6666666666667
117.1828806584362 131.120987654321
130.4526748971194 127.3456790123457
139.7422222222222 127.7333333333333
145.7665843621399 131.6765432098765
149.2408230452675 138.5679012345679
150.88 147.8
151.3991769547325 158.7654320987654
151.5134156378601 170.8567901234568
151.9377777777778 183.4666666666666
153.3873251028807 195.9876543209877
156.5771193415638 207.8123456790123
162.2222215111111 218.3333323666667
162.2222222222222 218.3333333333333
166.1611934156379 222.9286419753086
170.8154732510288 227.0513580246914
176.1077777777778 230.7066666666666
181.9608230452675 233.8997530864198
188.2973251028806 236.6358024691357
195.0399999999999 238.92
202.1115637860082 240.7575308641975
209.434732510288 242.1535802469135
216.9322222222221 243.1133333333333
224.5267489711933 243.641975308642
232.1410288065842 243.7446913580247
239.6977777777776 243.4266666666667
247.1197119341562 242.6930864197531
254.3295473251027 241.5491358024692
261.2499999999998 240.0000000000001
261.25 240
267.8105864197531 238.054938271605
273.968024691358 235.7395061728395
279.6858333333333 233.0833333333334
284.9275308641975 230.1160493827161
289.6566358024691 226.8672839506173
293.8366666666666 223.3666666666667
297.4311419753086 219.6438271604939
300.4035802469135 215.7283950617285
302.7175 211.6500000000001
304.3364197530864 207.4382716049383
305.2238580246913 203.1228395061729
305.3433333333334 198.7333333333334
304.6583641975309 194.2993827160495
303.1324691358025 189.8506172839507
300.7291666666667 185.4166666666668
300.7291666666666 185.4166666666667
293.2928759820427 176.6623905723906
282.7999523007857 168.0269023569024
269.8493181818183 159.4512121212121
255.0398961840629 150.87632996633
238.9706088664423 142.243265993266
222.2403787878789 133.4930303030304
205.4481285072954 124.5666329966331
189.1927805836141 115.4050841750843
174.0732575757578 105.9493939393941
160.6884820426489 96.14057239057257
149.6373765432101 85.91962962962984
141.5188636363638 75.22757575757598
136.9318658810326 64.00542087542114
136.4753058361391 52.19417508417538
140.7481060606059 39.73484848484882
140.7481060606061 39.73484848484851
141.4585465768799 38.45218742985414
142.2227918069584 37.16951964085305
143.0413636363636 35.8939090909092
143.9147839506172 34.63241975308657
144.8435746352412 33.39211560044912
145.8282575757574 32.18006060606082
146.8693546576878 31.00331874298564
147.9673877665542 29.86895398428757
149.1228787878785 28.78403030303057
150.3363496071826 27.75561167227862
151.6083221099884 26.79076206509569
152.9393181818177 25.89654545454574
154.3298597081925 25.08002581369277
155.7804685746347 24.34826711560072
157.291666666666 23.70833333333358
157.2916666666667 23.70833333333334
158.8630580349509 23.16503758421397
160.4905753907184 22.71418956260048
162.1692336103415 22.34934810710991
163.8940475701924 22.06407205635925
165.6600321466432 21.85192024896552
167.4622022160662 21.70645152354572
169.2955726548336 21.62122471871688
171.1551583393177 21.589798673096
173.0359741458906 21.60573222530008
174.9330349509245 21.66258421394615
176.8413556307918 21.75391347765121
178.7559510618646 21.87327885503227
180.6718361205151 22.01423918470635
182.5840256831154 22.17035330529045
184.487534626038 22.33518005540159
184.4875346260388 22.33518005540167
216.4499353647277 25.70084908176875
244.1113942751617 29.74873171232175
267.5986703601109 34.42508587257619
287.0385226223454 39.67616948804763
302.5577100646353 45.44824048425159
314.2829916897507 51.68755678670364
322.3411265004617 58.3403763209193
326.8588734995384 65.35295701241414
327.9629916897507 72.67155678670366
325.7802400738689 80.24243356930344
320.4373776546629 88.01184528572902
312.0611634349029 95.92604986149594
300.778356417359 103.9313052221197
286.7157156048013 111.9738692931159
270.0000018000001 119.9999992